公司: 世纪华通 (002602), CompanyCode=154324

================================================================================

【主要财务指标】
   EndDate TotalOperatingRevenuePS OperatingRevenueGrowRate        NetProfit NetProfitGrowRate   ROEAvg ROEWeighted GrossIncomeRatio NetProfitRatio BasicEPS NetAssetPS DebtAssetsRatio CurrentRatio NetOperateCashFlow OperCashFlowPS
2025-09-30                  3.6649                  75.3079  4357457982.0400          133.8843  16.1216     16.1000        69.853965      16.317238   0.6000     4.0353       30.762155     1.507350    6277705861.0100         0.8451
2025-06-30                  2.3089                  85.5007  2656382756.9000          124.7058  10.1471     10.1500        69.497704      15.764033   0.3700     3.8174       31.873292     1.453107    3918324137.4100         0.5258
2025-03-31                  1.0929                  91.1180  1349918665.0100           95.9719   5.3144      5.3100        69.362114      17.018759   0.1900     3.6087       32.309426     1.268363    1291137865.1100         0.1732
2024-12-31                  3.0352                  70.2706  1213198160.1500           77.7594   4.9418      4.9400        65.798325       4.619557   0.1700     3.4497       34.615932     1.062622    5046495289.6800         0.6771
2024-09-30                  2.0837                  58.6623  1803207680.0700           27.2641   7.2573      7.0900        65.146039      12.230576   0.2500     3.5294       31.860733     1.032555    3462103373.8500         0.4646
2024-06-30                  1.2447                  53.3333  1158312263.9800           34.7089   4.6237      4.4100        63.846380      13.013630   0.1600     3.4635       30.536407     1.017059    1889251163.4000         0.2535
2024-03-31                  0.5718                  40.9898   651511695.3900           59.9859   2.6285      2.5600        63.063294      16.597229   0.0900     3.3925       30.329341     1.014514     872405733.9100         0.1171
2023-12-31                  1.7825                  15.7683   524045359.0100          108.7224   2.1943      2.1900        60.508970       4.424942   0.0700     3.3802       30.915786     1.355089    3102350930.1700         0.4163
2023-09-30                  1.3133                   7.0624  1429242809.6900          107.9646   5.8504      5.7700        60.829093      15.248065   0.1900     3.4064       24.873254     1.720279    2495810023.1400         0.3349
2023-06-30                  0.8117                  -6.2162   868231675.6100           74.5673   3.5595      3.5100        58.428548      14.812848   0.1200     3.3963       23.620329     1.687803    1675178380.3400         0.2248
2023-03-31                  0.4056                 -14.1369   433422948.2100           95.5865   1.8097      1.7900        57.107387      14.626535   0.0600     3.2775       24.764103     1.677064     570230593.1400         0.0765
2022-12-31                  1.5398                 -18.8266 -6747205626.2500         -348.8051 -25.1636    -25.1800        51.515211     -58.730019  -0.9300     3.2705       24.382141     1.607593    1490840725.5800         0.2000
2022-09-30                  1.2267                 -15.2441   689867404.0900          -75.3420   2.2127      2.1800        53.324844       7.849865   0.0900     4.3210       19.059718     1.199850    1459587719.2300         0.1959
2022-06-30                  0.8656                 -11.7513   485549135.2500          -80.0352   1.5730      1.5400        52.940119       7.957991   0.0700     4.2375       18.893635     1.116170    1204068957.2800         0.1616
2022-03-31                  0.4724                 -11.9217   208848805.1300          -64.3630   0.6804      0.6700        51.164404       6.421093   0.0300     4.1914       20.773834     1.182412     220947709.3500         0.0296
2021-12-31                  1.8969                  -2.1369  2501152227.5000           28.7379   8.6318      8.5900        55.118355      19.160848   0.3500     4.1669       21.374712     1.241435     585440514.2300         0.0786
2021-09-30                  1.4473                  -8.3547  2729001690.2900           17.9698   9.1939      9.0200        56.590652      26.982017   0.3700     4.2357       19.932357     1.402057    1022894311.8500         0.1373
2021-06-30                  0.9808                  -5.9026  2449930590.7100           58.7388   8.2963      8.1400        58.075355      35.175986   0.3300     4.1948       20.241170     1.381538     685505975.5400         0.0920
2021-03-31                  0.5363                   5.0600   584798447.4400          -22.0141   2.0382      2.0000        58.005665      15.869990   0.0800     3.9700       30.722580     1.288275     144433409.9000         0.0194
2020-12-31                  1.9383                  -1.6643  2077726695.6000          -23.0840   7.9668      7.6500        54.217503      14.565571   0.2900     3.8509       30.700445     1.292091    3128650845.9200         0.4198

【利润表】
   EndDate TotalOperatingRevenue OperatingRevenue TotalOperatingCost   OperatingCost OperatingProfit     TotalProfit       NetProfit
2025-09-30      27223367866.0500 27223367866.0500   21917004783.9700 8206766038.7500 5295737090.8500 5293174544.5000 4442101850.6700
2025-06-30      17207085713.7000 17207085713.7000   13902601716.4300 5248556171.5300 3255351242.0000 3270438538.6800 2712530631.8700
2025-06-30         12282000.0000    12282000.0000     120990481.3100   12185601.1800  533831939.5800  529777557.9800  529777557.9800
2025-03-31       8144700960.7800  8144700960.7800    6506670918.0700 2495364222.8200 1675949432.5300 1667703527.1600 1386126994.0300
2024-12-31      22619694342.9500 22619694342.9500   18988604277.6200 7736314361.4400 2044835743.6200 1446600730.8200 1044929567.8400
2024-12-31         24564000.0000    24564000.0000     303102149.6900   24378672.4800 -500526929.8000 -500526780.0000 -500526780.0000
2024-09-30      15528891046.8500 15528891046.8500   13066476836.8700 5412433590.3100 2304195566.4100 2279903848.7300 1899272864.5400
2024-09-30      15528891046.8500 15528891046.8500   13066476836.8700 5412433590.3100 2304195566.4100 2279903848.7300 1899272864.5400
2024-09-30      15528891046.8500 15528891046.8500   13066476836.8700 5412433590.3100 2304195566.4100 2279903848.7300 1899272864.5400
2024-06-30       9276024423.4100  9276024423.4100    7801343599.0900 3353618651.1500 1436450656.6000 1412931051.7100 1207147542.8500
2024-06-30         12282000.0000    12282000.0000     151851789.4100   12189336.2400 -189742395.3000 -189744395.3000 -189744395.3000
2024-06-30       9276024423.4100  9276024423.4100    7801343599.0900 3353618651.1500 1436450656.6000 1412931051.7100 1207147542.8500
2024-06-30         12282000.0000    12282000.0000     151851789.4100   12189336.2400 -189742395.3000 -189744395.3000 -189744395.3000
2024-03-31       4261609575.1400  4261609575.1400    3436268884.7100 1574098190.9400  824304999.8300  824339950.8400  707309087.9100
2024-03-31       4261609575.1400  4261609575.1400    3436268884.7100 1574098190.9400  824304999.8300  824339950.8400  707309087.9100
2023-12-31      13284552938.8300 13284552938.8300   11798828072.2500 5251112658.9700  994352490.6400  965139029.1300  587833762.9100
2023-12-31         24564000.0000    24564000.0000     304287886.1000   24378672.4800 1115635890.3000 1106735890.2900 1106735890.2900
2023-12-31         24564000.0000    24564000.0000     304287886.1000   24378672.4800 1115635890.3000 1106735890.2900 1106735890.2900
2023-12-31      13284552938.8300 13284552938.8300   11798828072.2500 5246206841.0500  994352490.6400  965139029.1300  587833762.9100
2023-12-31      13284552938.8300 13284552938.8300   11798828072.2500 5246206841.0500  994352490.6400  965139029.1300  587833762.9100

【资产负债表】
   EndDate      TotalAssets   TotalLiability TotalShareholderEquity TotalCurrentAssets TotalCurrentLiability
2025-09-30 43226592627.7300 13297431526.5100       29929161101.2200   17097376636.0800      11342670233.0000
2025-06-30 34420281848.6300  4701742375.2000       29718539473.4300    8697120765.7100       3808060825.0600
2025-06-30 41419505527.2900 13201759964.4800       28217745562.8100   15458294984.5600      10638101586.1100
2025-03-31 39324210871.5800 12705426641.6500       26618784229.9300   12893842729.9300      10165732165.0300
2024-12-31 33450026664.8500  4365586298.0600       29084440366.7900    7673106075.0900       4070584466.4700
2024-12-31 38924497999.8900 13474077625.0000       25450420374.8900   12251706383.4200      11529697992.8300
2024-12-31 38924497999.8900 13474077625.0000       25450420374.8900   12251706383.4200      11529697992.8300
2024-12-31 38924497999.8900 13474077625.0000       25450420374.8900   12251706383.4200      11529697992.8300
2024-12-31 33450026664.8500  4365586298.0600       29084440366.7900    7673106075.0900       4070584466.4700
2024-12-31 38924497999.8900 13474077625.0000       25450420374.8900   12251706383.4200      11529697992.8300
2024-09-30 38693086771.9200 12327901245.0900       26365185526.8300   10865313468.1200      10522748071.7000
2024-09-30 39296662809.7300 12327901245.0900       26968761564.6400   10865313468.1200      10522748071.7000
2024-06-30 34270477760.4000  5204828764.7800       29065648995.6200    8077867261.8900       5075219172.6500
2024-06-30 38580835199.2400 11781200948.0300       26799634251.2100    9673223753.1400       9510975279.5200
2024-03-31 37805683190.3000 11466214597.8100       26339468592.4900    8810447615.1900       8684400808.3500
2023-12-31 36739484147.7300 11358300403.9400       25381183743.7900    8382847419.5100       6186198381.7100
2023-12-31 34308677289.9500  4674345944.6100       29634331345.3400    7663220195.5800       2155121918.2200
2023-12-31 33904677289.9500  4674345944.6100       29230331345.3400    7663220195.5800       2155121918.2200
2023-12-31 37347274896.6600 11358300403.9400       25988974492.7200    8382847419.5100       6186198381.7100
2023-12-31 37347274896.6600 11358300403.9400       25988974492.7200    8382847419.5100       6186198381.7100

【现金流量表】
   EndDate NetOperateCashFlow
2025-09-30    6277705861.0100
2025-06-30    3918324137.4100
2025-06-30     -17222065.9400
2025-03-31    1291137865.1100
2024-12-31    5046495289.6800
2024-12-31     -39916030.8800
2024-09-30    3462103373.8500
2024-09-30    3462103373.8500
2024-06-30    1889251163.4000
2024-06-30     -25863853.2200
2024-06-30    1889251163.4000
2024-06-30     -25863853.2200
2024-03-31     872405733.9100
2024-03-31     872405733.9100
2023-12-31    3102350930.1700
2023-12-31     -26316376.1300
2023-12-31    3102350930.1700
2023-12-31     -26316376.1300
2023-09-30    2495810023.1400
2023-09-30    2495810023.1400
